Camera calibrated:  0.956112769425835

Camera Matrix: 
 [[7.46614833e+03 0.00000000e+00 2.69806405e+03]
 [0.00000000e+00 7.45993369e+03 1.72067872e+03]
 [0.00000000e+00 0.00000000e+00 1.00000000e+00]]

Distortion Parameters: 
 [[ 0.04196605  0.28250173 -0.00518958 -0.01260279 -0.57827246]]

Rotation Vectors: 
 (array([[-0.61866903],
       [ 0.74607808],
       [ 1.42922438]]), array([[-0.93038467],
       [ 0.73331251],
       [ 1.34738591]]), array([[-0.866784  ],
       [ 0.90208952],
       [ 1.5338538 ]]), array([[-0.9581938 ],
       [ 0.63331847],
       [ 1.20794277]]), array([[-1.10721993],
       [ 0.89246221],
       [ 1.27800714]]), array([[-0.55773202],
       [ 0.50421964],
       [ 1.47488002]]), array([[-0.57647281],
       [ 0.41647036],
       [ 1.30233579]]), array([[-0.52069354],
       [ 0.60286862],
       [ 1.64492811]]), array([[-0.78593691],
       [ 0.85308147],
       [ 1.575973  ]]), array([[-0.84285992],
       [ 0.72512187],
       [ 1.40088803]]), array([[-0.88145149],
       [ 0.57703285],
       [ 1.20755698]]), array([[-1.12480565],
       [ 0.75125333],
       [ 1.15150078]]), array([[-1.10269067],
       [ 0.92623631],
       [ 1.30531146]]), array([[-1.03692467],
       [ 1.0783131 ],
       [ 1.45006438]]), array([[-0.78890932],
       [ 0.48187583],
       [ 1.30640179]]), array([[-0.65240548],
       [ 0.3603749 ],
       [ 1.31451694]]), array([[-0.52531192],
       [ 0.52230126],
       [ 1.50396155]]), array([[-0.40551602],
       [ 0.63962955],
       [ 1.7072839 ]]), array([[-0.78595249],
       [ 0.47766629],
       [ 1.32218603]]), array([[-0.6459311 ],
       [ 0.64618518],
       [ 1.48045707]]), array([[-0.49809659],
       [ 0.8050892 ],
       [ 1.64748643]]), array([[-0.89755137],
       [ 0.61351409],
       [ 1.25495575]]), array([[-0.76929966],
       [ 0.79263203],
       [ 1.39058667]]), array([[-0.62424621],
       [ 0.95095297],
       [ 1.60949461]]), array([[-0.2839137 ],
       [ 0.31067858],
       [ 1.54213942]]), array([[-0.23532136],
       [ 0.66187331],
       [ 2.91238521]]), array([[-0.06375139],
       [ 0.72745237],
       [ 2.9239201 ]]), array([[0.08395942],
       [0.67828838],
       [3.01704984]]), array([[-0.23050369],
       [-0.75340909],
       [-3.00056815]]), array([[-0.44415195],
       [-0.65690862],
       [-2.98220854]]), array([[-0.23548999],
       [ 0.85098884],
       [ 2.83236424]]), array([[0.12414141],
       [0.88879   ],
       [2.90228319]]), array([[-0.45794059],
       [-0.92352679],
       [-2.94555207]]), array([[-0.19764592],
       [ 1.05625193],
       [ 2.69820757]]), array([[0.10122844],
       [1.13855602],
       [2.78999924]]), array([[0.49916268],
       [1.16745235],
       [2.86444212]]), array([[-0.04266375],
       [ 0.98939691],
       [ 2.81842271]]), array([[0.2689856 ],
       [1.04102569],
       [2.91775451]]), array([[-0.6247567 ],
       [-0.50209984],
       [-1.42575094]]), array([[-0.46869303],
       [-0.37572944],
       [-1.46462958]]), array([[-0.77422599],
       [-0.59664147],
       [-1.41706103]]), array([[-0.5840429 ],
       [-0.78616535],
       [-1.47671374]]), array([[-0.87638185],
       [-0.39970752],
       [-1.24844957]]), array([[-0.55692688],
       [-0.99686516],
       [-1.65383648]]), array([[-0.38980446],
       [-0.67483028],
       [-1.75387324]]))

Ttanslation Vectors: 
 (array([[ 8.16523207],
       [ 1.2502295 ],
       [80.92709336]]), array([[-8.92051816],
       [14.85881614],
       [83.94721579]]), array([[ 5.99832762],
       [15.65091204],
       [79.55411999]]), array([[-18.96101378],
       [ 15.88780674],
       [ 86.04767215]]), array([[-7.39625531],
       [31.56237835],
       [82.04558138]]), array([[ -5.17604883],
       [-13.81711802],
       [ 77.83720478]]), array([[-16.87635842],
       [-13.89020182],
       [ 79.74091617]]), array([[  6.14273445],
       [-12.03629071],
       [ 75.04762253]]), array([[ 7.34313052],
       [ 9.56020275],
       [78.87787828]]), array([[-4.96782511],
       [ 8.98382011],
       [82.79937066]]), array([[-20.05506524],
       [  9.65071639],
       [ 85.8977819 ]]), array([[-19.00242791],
       [ 31.05314414],
       [ 84.12125039]]), array([[-4.9645523 ],
       [31.92851061],
       [81.25377299]]), array([[ 7.16340059],
       [31.47874407],
       [76.81784689]]), array([[-14.67807244],
       [ -0.61893122],
       [ 77.26559017]]), array([[-14.89173625],
       [-13.33165707],
       [ 74.85687427]]), array([[  4.59217039],
       [-13.63732195],
       [ 77.12975292]]), array([[ 22.62904779],
       [-12.79074683],
       [ 74.71716231]]), array([[-14.21176205],
       [ -1.21341001],
       [ 77.30161378]]), array([[ 4.94117152],
       [-1.30292327],
       [79.28880143]]), array([[24.16736646],
       [-0.35984867],
       [76.50098898]]), array([[-13.875912  ],
       [ 12.11057805],
       [ 77.26899707]]), array([[ 4.55827679],
       [13.03854407],
       [79.30686705]]), array([[24.48725109],
       [13.25275981],
       [76.20356673]]), array([[ 3.53764038],
       [-1.64913665],
       [55.2275946 ]]), array([[-7.41229902],
       [-5.49831011],
       [58.70730759]]), array([[-0.99936266],
       [-3.28790071],
       [59.92895258]]), array([[ 6.02257563],
       [-6.07283054],
       [59.41736467]]), array([[13.24339252],
       [-2.66165509],
       [59.02842369]]), array([[20.79317613],
       [-6.14532071],
       [56.29176796]]), array([[-8.19810482],
       [ 2.58124476],
       [59.52964049]]), array([[ 6.7157422 ],
       [ 2.76445395],
       [60.37340858]]), array([[21.00729725],
       [ 3.67280419],
       [57.58070827]]), array([[-7.57131139],
       [12.27184291],
       [59.16275966]]), array([[ 6.08300418],
       [13.60375442],
       [59.9357273 ]]), array([[22.23713634],
       [13.12252583],
       [56.61674945]]), array([[-0.28241047],
       [ 7.94177857],
       [60.52973855]]), array([[13.39272501],
       [ 8.33505955],
       [59.49031706]]), array([[1.10068866e-02],
       [6.27037845e+00],
       [6.50454883e+01]]), array([[-0.74493983],
       [-5.6740094 ],
       [63.96895218]]), array([[ 1.33758333],
       [16.57163056],
       [64.16720499]]), array([[-14.61280681],
       [ 15.06023532],
       [ 61.87546777]]), array([[16.48222781],
       [15.02579783],
       [62.71822623]]), array([[-12.38320424],
       [ 20.48512395],
       [ 64.86204736]]), array([[-12.2209353 ],
       [  2.75829673],
       [ 64.66483092]]))